epoch,batch,batch_size,gpu_number,time,throughput,time (ms)
,0.0,12.0,1.0,,5.927301559546456,168.7108357747396
,1.0,12.0,1.0,,289.08530499942106,3.459186553955078
,2.0,12.0,1.0,,292.82623532903074,3.414994557698568
,3.0,12.0,1.0,,287.5647739441228,3.4774773915608725
,4.0,12.0,1.0,,295.26140496510055,3.386829376220703
,5.0,12.0,1.0,,166.31010348808772,6.012863794962565
,6.0,12.0,1.0,,293.46120118663356,3.4076054890950522
,7.0,12.0,1.0,,293.0253016530627,3.41267458597819
,8.0,12.0,1.0,,286.15906489031363,3.49455992380778
,9.0,12.0,1.0,,286.85558034780007,3.486074765523275
,10.0,12.0,1.0,,284.9093749538658,3.509888013203939
,11.0,12.0,1.0,,294.59893339596675,3.3944454193115234
,12.0,12.0,1.0,,285.40006187529315,3.5038534800211587
,13.0,12.0,1.0,,275.308977030192,3.632282574971517
,14.0,12.0,1.0,,292.00900163552177,3.4245519638061523
,15.0,12.0,1.0,,285.6581402537474,3.500687917073568
,16.0,12.0,1.0,,298.0604592025028,3.3550240198771157
,17.0,12.0,1.0,,286.0108680798547,3.4963706334431968
,18.0,12.0,1.0,,295.5758171014885,3.3832267125447593
,19.0,12.0,1.0,,293.4056371211676,3.4082508087158203
,20.0,12.0,1.0,,286.63918118711683,3.488706588745117
,21.0,12.0,1.0,,295.8878659212959,3.3796586990356445
,22.0,12.0,1.0,,286.43468792719085,3.4911972681681314
,23.0,12.0,1.0,,295.0655724096401,3.3890771865844727
,24.0,12.0,1.0,,284.35350130803977,3.516749382019043
,25.0,12.0,1.0,,295.8278738528273,3.3803440729777017
,26.0,12.0,1.0,,293.88667530963767,3.4026721318562827
,27.0,12.0,1.0,,262.65433737752454,3.8072853088378906
,28.0,12.0,1.0,,293.73223366262636,3.404461224873861
,29.0,12.0,1.0,,284.4192923477362,3.5159358978271484
,30.0,12.0,1.0,,298.28664734178585,3.352479934692383
,31.0,12.0,1.0,,294.45391252727046,3.3961172103881836
,32.0,12.0,1.0,,285.4278739609926,3.5035120646158853
,33.0,12.0,1.0,,294.9451168063964,3.390461285909017
,34.0,12.0,1.0,,184.4885115181574,5.42039171854655
,35.0,12.0,1.0,,294.73092468814474,3.392925262451172
,36.0,12.0,1.0,,295.2597698745732,3.3868481318155923
,37.0,12.0,1.0,,286.711939959917,3.4878212610880532
,38.0,12.0,1.0,,295.82297761509767,3.380400021870931
,39.0,12.0,1.0,,286.9682088178013,3.4847065607706704
,40.0,12.0,1.0,,295.9376087754123,3.3790906270345054
,41.0,12.0,1.0,,286.81281830450706,3.4865945180257163
,42.0,12.0,1.0,,296.3180662641818,3.3747520446777344
,43.0,12.0,1.0,,294.5753464064553,3.394717216491699
,44.0,12.0,1.0,,286.02134816626824,3.4962425231933594
,45.0,12.0,1.0,,295.65621288411256,3.3823067347208657
,46.0,12.0,1.0,,288.944731464834,3.460869471232096
,47.0,12.0,1.0,,295.43818463928585,3.38480281829834
,48.0,12.0,1.0,,294.9594976966135,3.39029598236084
,49.0,12.0,1.0,,285.09696672650654,3.5075785319010415
,50.0,12.0,1.0,,296.7035050353882,3.370368003845215
,51.0,12.0,1.0,,286.9960917350204,3.484368006388346
,52.0,12.0,1.0,,297.16788499345296,3.365101178487142
,53.0,12.0,1.0,,285.9720490423563,3.496845245361328
,54.0,12.0,1.0,,296.8510029213004,3.3686933517456055
,55.0,12.0,1.0,,294.2009438999323,3.3990373611450195
,56.0,12.0,1.0,,283.3794653015712,3.528837203979492
,57.0,12.0,1.0,,295.7886806759384,3.380791982014974
,58.0,12.0,1.0,,285.35814682229494,3.5043681462605796
,59.0,12.0,1.0,,296.1100705990836,3.3771225611368814
,60.0,12.0,1.0,,296.07592999504743,3.377511978149414
,61.0,12.0,1.0,,285.6707477102136,3.50053342183431
,62.0,12.0,1.0,,296.2925566494232,3.3750425974527993
,63.0,12.0,1.0,,183.69746650764307,5.443733215332031
,64.0,12.0,1.0,,294.2831261557528,3.3980881373087564
,65.0,12.0,1.0,,294.3251707954035,3.3976027170817056
,66.0,12.0,1.0,,286.6301966693716,3.488815943400065
,67.0,12.0,1.0,,292.9282441605069,3.4138053258260093
,68.0,12.0,1.0,,284.91954221625525,3.509762763977051
,69.0,12.0,1.0,,293.24114859047506,3.410162607828776
,70.0,12.0,1.0,,287.510763163963,3.478130658467611
,71.0,12.0,1.0,,295.9380820669817,3.3790852228800454
,72.0,12.0,1.0,,294.88481530608897,3.3911546071370444
,73.0,12.0,1.0,,286.4421213046136,3.4911066691080728
,74.0,12.0,1.0,,295.7476349425301,3.381261189778646
,75.0,12.0,1.0,,286.534927538014,3.489975929260254
,76.0,12.0,1.0,,295.30744435306167,3.386301358540853
,77.0,12.0,1.0,,296.19050632053256,3.3762054443359375
,78.0,12.0,1.0,,283.66111378625646,3.5253334045410156
,79.0,12.0,1.0,,295.8514392639528,3.3800748189290366
,80.0,12.0,1.0,,285.6916588259655,3.5002772013346353
,81.0,12.0,1.0,,292.473828488038,3.419109344482422
,82.0,12.0,1.0,,285.4152879323495,3.503666559855143
,83.0,12.0,1.0,,295.07462300160176,3.3889732360839844
,84.0,12.0,1.0,,295.38700075890785,3.3853893280029297
,85.0,12.0,1.0,,286.941639999584,3.4850292205810547
,86.0,12.0,1.0,,293.7980463449054,3.4036986033121743
,87.0,12.0,1.0,,285.8495249226272,3.49834410349528
,88.0,12.0,1.0,,295.0175056354529,3.389629364013672
,89.0,12.0,1.0,,294.1107229083166,3.4000800450642905
,90.0,12.0,1.0,,284.97756626776925,3.5090481440226235
,91.0,12.0,1.0,,295.6699684434779,3.3821493784586587
,92.0,12.0,1.0,,175.78886345523048,5.688642501831055
,93.0,12.0,1.0,,293.435277794646,3.4079065322875977
,94.0,12.0,1.0,,293.66321552991,3.4052613576253257
,95.0,12.0,1.0,,285.42875450659835,3.5035012563069663
,96.0,12.0,1.0,,275.372239868034,3.6314481099446616
,97.0,12.0,1.0,,288.1943957742248,3.4698801040649414
,98.0,12.0,1.0,,299.1291792558704,3.3430372873942056
,99.0,12.0,1.0,,290.7718450837747,3.439122517903646
